
(PEA)2CsPb2I7

 Id   cp   ncp   Name  Z   mult     Volume            Pop             Lap            $rho      
  1    1    1      Cs   55  --   3.28021107E+02  8.12856987E+00 -3.82806384E-03  8.12856987E+00
  2    2    2      I    53  --   3.82992121E+02  7.58050479E+00 -5.80370397E-02  7.58050479E+00
  3    3    3      Pb   82  --   1.91234363E+02  1.31101859E+01  7.98317344E-02  1.31101859E+01
  4    4    3      Pb   82  --   1.91234363E+02  1.31101859E+01  7.98317344E-02  1.31101859E+01
  5    5    4      I    53  --   3.67158238E+02  7.57057257E+00 -6.40202165E-03  7.57057257E+00
  6    6    4      I    53  --   3.67143564E+02  7.57056019E+00 -6.43295716E-03  7.57056019E+00
  7    7    5      I    53  --   3.93645873E+02  7.58666695E+00 -1.32066876E-02  7.58666695E+00
  8    8    5      I    53  --   3.93640981E+02  7.58666420E+00 -1.32112721E-02  7.58666420E+00
  9    9    6      I    53  --   4.19825341E+02  7.59657669E+00 -2.27595802E-02  7.59657669E+00
  10   10   6      I    53  --   4.19825341E+02  7.59657669E+00 -2.27595802E-02  7.59657669E+00
  11   11   7      C    6   --   9.08161451E+01  4.08410635E+00  3.21855317E-02  4.08410635E+00
  12   12   7      C    6   --   9.08161451E+01  4.08410635E+00  3.21855317E-02  4.08410635E+00
  13   13   8      C    6   --   9.31836456E+01  4.08143892E+00  6.22741314E-02  4.08143892E+00
  14   14   8      C    6   --   9.31885371E+01  4.08143995E+00  6.22800962E-02  4.08143995E+00
  15   15   9      C    6   --   9.14569355E+01  4.04032537E+00  2.52580560E-02  4.04032537E+00
  16   16   9      C    6   --   9.14520440E+01  4.04030905E+00  2.51904247E-02  4.04030905E+00
  17   17   10     C    6   --   8.73089181E+01  4.04568727E+00  3.13209979E-02  4.04568727E+00
  18   18   10     C    6   --   8.73138096E+01  4.04571345E+00  3.14113777E-02  4.04571345E+00
  19   19   11     C    6   --   8.34348264E+01  4.05358641E+00  2.30275635E-02  4.05358641E+00
  20   20   11     C    6   --   8.34348264E+01  4.05358641E+00  2.30275635E-02  4.05358641E+00
  21   21   12     C    6   --   6.92493895E+01  4.04087547E+00  2.67336517E-02  4.04087547E+00
  22   22   12     C    6   --   6.92493895E+01  4.04087547E+00  2.67336517E-02  4.04087547E+00
  23   23   13     C    6   --   6.70824418E+01  4.04839318E+00  9.00416533E-02  4.04839318E+00
  24   24   13     C    6   --   6.70824418E+01  4.04839318E+00  9.00416533E-02  4.04839318E+00
  25   25   14     H    1   --   5.55237565E+01  9.26677473E-01 -4.79709274E-02  9.26677473E-01
  26   26   14     H    1   --   5.55286480E+01  9.26707535E-01 -4.78784529E-02  9.26707535E-01
  27   27   15     H    1   --   6.77330153E+01  9.44216046E-01 -4.10194329E-02  9.44216046E-01
  28   28   15     H    1   --   6.77330153E+01  9.44216046E-01 -4.10194329E-02  9.44216046E-01
  29   29   16     H    1   --   5.98185198E+01  9.23171893E-01 -3.18727532E-02  9.23171893E-01
  30   30   16     H    1   --   5.98185198E+01  9.23171893E-01 -3.18727532E-02  9.23171893E-01
  31   31   17     H    1   --   5.16252071E+01  9.58783109E-01 -3.77107617E-02  9.58783109E-01
  32   32   17     H    1   --   5.16252071E+01  9.58783109E-01 -3.77107617E-02  9.58783109E-01
  33   33   18     H    1   --   5.96717739E+01  9.33570097E-01 -3.55405852E-02  9.33570097E-01
  34   34   18     H    1   --   5.96717739E+01  9.33570097E-01 -3.55405852E-02  9.33570097E-01
  35   35   19     C    6   --   5.78081010E+01  3.56676495E+00  7.38681707E-02  3.56676495E+00
  36   36   19     C    6   --   5.78081010E+01  3.56676495E+00  7.38681707E-02  3.56676495E+00
  37   37   20     H    1   --   4.68461824E+01  9.41382570E-01 -4.15598327E-02  9.41382570E-01
  38   38   20     H    1   --   4.68461824E+01  9.41382570E-01 -4.15598327E-02  9.41382570E-01
  39   39   21     H    1   --   6.11930397E+01  9.31005915E-01 -5.07222308E-02  9.31005915E-01
  40   40   21     H    1   --   6.11930397E+01  9.31005915E-01 -5.07222308E-02  9.31005915E-01
  41   41   22     N    7   --   9.99437400E+01  6.45943066E+00  1.70051934E-01  6.45943066E+00
  42   42   22     N    7   --   9.99437400E+01  6.45943066E+00  1.70051934E-01  6.45943066E+00
  43   43   23     H    1   --   5.32247374E+01  9.10998082E-01 -4.49391522E-02  9.10998082E-01
  44   44   23     H    1   --   5.32247374E+01  9.10998082E-01 -4.49391522E-02  9.10998082E-01
  45   45   24     H    1   --   4.87147468E+01  8.91970385E-01 -5.52683203E-02  8.91970385E-01
  46   46   24     H    1   --   4.87147468E+01  8.91970385E-01 -5.52683203E-02  8.91970385E-01
  47   47   25     H    1   --   2.06422564E+01  4.96223422E-01 -3.97933938E-02  4.96223422E-01
  48   48   25     H    1   --   2.06422564E+01  4.96223422E-01 -3.97933938E-02  4.96223422E-01
  49   49   26     H    1   --   2.58664104E+01  4.92103628E-01 -6.26784091E-02  4.92103628E-01
  50   50   26     H    1   --   2.58664104E+01  4.92103628E-01 -6.26784091E-02  4.92103628E-01
  51   51   27     H    1   --   2.44136260E+01  5.10561274E-01 -5.22596178E-02  5.10561274E-01
  52   52   27     H    1   --   2.44136260E+01  5.10561274E-01 -5.22596178E-02  5.10561274E-01
------------------------------------------------------------------------------------------------
  Sum                            6.08584591E+03  1.83999650E+02 -1.73888681E-14  1.83999650E+02
  
#################################################################################################

(BA)2CsPb2I7

 Integrated atomic properties
# Integrable properties 1 to 4
# Id   cp   ncp   Name  Z   mult     Volume            Pop             Lap            $rho      
  1    1    1      I    53  --   4.65504136E+02  7.59012636E+00 -2.93644804E-02  7.59012636E+00
  2    2    1      I    53  --   4.65504136E+02  7.59012636E+00 -2.93644804E-02  7.59012636E+00
  3    3    2      Pb   82  --   1.87154634E+02  1.31265312E+01  1.06684811E-01  1.31265312E+01
  4    4    2      Pb   82  --   1.87154634E+02  1.31265312E+01  1.06684811E-01  1.31265312E+01
  5    5    3      I    53  --   3.73549433E+02  7.57617475E+00 -3.02422114E-02  7.57617475E+00
  6    6    3      I    53  --   3.73549433E+02  7.57617475E+00 -3.02422114E-02  7.57617475E+00
  7    7    4      I    53  --   3.77765290E+02  7.56607264E+00 -5.06008560E-02  7.56607264E+00
  8    8    4      I    53  --   3.77765290E+02  7.56607264E+00 -5.06008560E-02  7.56607264E+00
  9    9    5      I    53  --   3.91957041E+02  7.61548026E+00 -1.98293887E-02  7.61548026E+00
  10   10   6      Cs   55  --   3.31885982E+02  8.13596220E+00  1.65009922E-02  8.13596220E+00
  11   11   7      C    6   --   8.80280728E+01  4.07499737E+00  1.10153470E-01  4.07499737E+00
  12   12   7      C    6   --   8.80280728E+01  4.07499737E+00  1.10153470E-01  4.07499737E+00
  13   13   8      C    6   --   6.47820339E+01  3.98566525E+00  7.10674581E-02  3.98566525E+00
  14   14   8      C    6   --   6.47820339E+01  3.98566525E+00  7.10674581E-02  3.98566525E+00
  15   15   9      H    1   --   9.41116524E+01  9.62872938E-01 -4.39427032E-02  9.62872938E-01
  16   16   9      H    1   --   9.41165545E+01  9.62873745E-01 -4.39407803E-02  9.62873745E-01
  17   17   10     H    1   --   6.55418685E+01  9.87347466E-01 -3.42883917E-02  9.87347466E-01
  18   18   10     H    1   --   6.55663793E+01  9.87523285E-01 -3.36754260E-02  9.87523285E-01
  19   19   11     H    1   --   7.90865344E+01  9.74781050E-01 -3.29789517E-02  9.74781050E-01
  20   20   11     H    1   --   7.90865344E+01  9.74762595E-01 -3.30522817E-02  9.74762595E-01
  21   21   12     H    1   --   6.72723307E+01  9.95887978E-01 -3.16279897E-02  9.95887978E-01
  22   22   12     H    1   --   6.72723307E+01  9.95887978E-01 -3.16279897E-02  9.95887978E-01
  23   23   13     C    6   --   6.40025905E+01  4.03033299E+00  7.32896128E-02  4.03033299E+00
  24   24   13     C    6   --   6.40025905E+01  4.03033299E+00  7.32896128E-02  4.03033299E+00
  25   25   14     H    1   --   8.13905492E+01  9.75659950E-01 -3.51212717E-02  9.75659950E-01
  26   26   14     H    1   --   8.13905492E+01  9.75659950E-01 -3.51212717E-02  9.75659950E-01
  27   27   15     H    1   --   5.60316797E+01  9.54938723E-01 -4.03144063E-02  9.54938723E-01
  28   28   15     H    1   --   5.60316797E+01  9.54938723E-01 -4.03144063E-02  9.54938723E-01
  29   29   16     H    1   --   7.51795135E+01  9.76771592E-01 -3.95711198E-02  9.76771592E-01
  30   30   16     H    1   --   7.51795135E+01  9.76771592E-01 -3.95711198E-02  9.76771592E-01
  31   31   17     C    6   --   5.94877019E+01  3.54017550E+00  6.26514914E-02  3.54017550E+00
  32   32   17     C    6   --   5.94877019E+01  3.54017550E+00  6.26514914E-02  3.54017550E+00
  33   33   18     H    1   --   5.53159644E+01  9.23264013E-01 -3.31892747E-02  9.23264013E-01
  34   34   18     H    1   --   5.53159644E+01  9.23264013E-01 -3.31892747E-02  9.23264013E-01
  35   35   19     N    7   --   1.01205077E+02  6.36629096E+00  1.14164114E-01  6.36629096E+00
  36   36   19     N    7   --   1.01205077E+02  6.36629096E+00  1.14164114E-01  6.36629096E+00
  37   37   20     H    1   --   6.30956911E+01  9.32884235E-01 -3.45538714E-02  9.32884235E-01
  38   38   20     H    1   --   6.30956911E+01  9.32884235E-01 -3.45538714E-02  9.32884235E-01
  39   39   21     H    1   --   2.80746658E+01  5.66559935E-01 -1.46278458E-02  5.66559935E-01
  40   40   21     H    1   --   2.80746658E+01  5.66559935E-01 -1.46278458E-02  5.66559935E-01
  41   41   22     H    1   --   2.50206206E+01  4.94340805E-01 -5.21501199E-02  4.94340805E-01
  42   42   22     H    1   --   2.50206206E+01  4.94340805E-01 -5.21501199E-02  4.94340805E-01
  43   43   23     H    1   --   2.54029890E+01  5.22402537E-01 -3.40440443E-02  5.22402537E-01
  44   44   23     H    1   --   2.54029890E+01  5.22402537E-01 -3.40440443E-02  5.22402537E-01
------------------------------------------------------------------------------------------------
  Sum                            5.71787849E+03  1.51999757E+02 -5.96328542E-14  1.51999757E+02

###################################################################################################

bader-charge-diff

(PEA)2CsPb2I7

5.500000000000000000e+01 8.128569869999999753e+00 9.000000000000000000e+00 -8.714301300000002470e-01
5.300000000000000000e+01 7.580504789999999993e+00 7.000000000000000000e+00 5.805047899999999927e-01
8.200000000000000000e+01 1.311018589999999939e+01 1.400000000000000000e+01 -8.898141000000006073e-01
8.200000000000000000e+01 1.311018589999999939e+01 1.400000000000000000e+01 -8.898141000000006073e-01
5.300000000000000000e+01 7.570572570000000390e+00 7.000000000000000000e+00 5.705725700000003897e-01
5.300000000000000000e+01 7.570560190000000134e+00 7.000000000000000000e+00 5.705601900000001336e-01
5.300000000000000000e+01 7.586666949999999687e+00 7.000000000000000000e+00 5.866669499999996873e-01
5.300000000000000000e+01 7.586664200000000413e+00 7.000000000000000000e+00 5.866642000000004131e-01
5.300000000000000000e+01 7.596576690000000021e+00 7.000000000000000000e+00 5.965766900000000206e-01
5.300000000000000000e+01 7.596576690000000021e+00 7.000000000000000000e+00 5.965766900000000206e-01
6.000000000000000000e+00 4.084106349999999885e+00 4.000000000000000000e+00 8.410634999999988537e-02
6.000000000000000000e+00 4.084106349999999885e+00 4.000000000000000000e+00 8.410634999999988537e-02
6.000000000000000000e+00 4.081438920000000081e+00 4.000000000000000000e+00 8.143892000000008125e-02
6.000000000000000000e+00 4.081439950000000039e+00 4.000000000000000000e+00 8.143995000000003870e-02
6.000000000000000000e+00 4.040325369999999694e+00 4.000000000000000000e+00 4.032536999999969396e-02
6.000000000000000000e+00 4.040309050000000290e+00 4.000000000000000000e+00 4.030905000000029048e-02
6.000000000000000000e+00 4.045687270000000169e+00 4.000000000000000000e+00 4.568727000000016858e-02
6.000000000000000000e+00 4.045713450000000044e+00 4.000000000000000000e+00 4.571345000000004433e-02
6.000000000000000000e+00 4.053586410000000306e+00 4.000000000000000000e+00 5.358641000000030630e-02
6.000000000000000000e+00 4.053586410000000306e+00 4.000000000000000000e+00 5.358641000000030630e-02
6.000000000000000000e+00 4.040875469999999581e+00 4.000000000000000000e+00 4.087546999999958075e-02
6.000000000000000000e+00 4.040875469999999581e+00 4.000000000000000000e+00 4.087546999999958075e-02
6.000000000000000000e+00 4.048393179999999703e+00 4.000000000000000000e+00 4.839317999999970255e-02
6.000000000000000000e+00 4.048393179999999703e+00 4.000000000000000000e+00 4.839317999999970255e-02
1.000000000000000000e+00 9.266774730000000293e-01 1.000000000000000000e+00 -7.332252699999997070e-02
1.000000000000000000e+00 9.267075350000000267e-01 1.000000000000000000e+00 -7.329246499999997333e-02
1.000000000000000000e+00 9.442160459999999755e-01 1.000000000000000000e+00 -5.578395400000002446e-02
1.000000000000000000e+00 9.442160459999999755e-01 1.000000000000000000e+00 -5.578395400000002446e-02
1.000000000000000000e+00 9.231718930000000212e-01 1.000000000000000000e+00 -7.682810699999997883e-02
1.000000000000000000e+00 9.231718930000000212e-01 1.000000000000000000e+00 -7.682810699999997883e-02
1.000000000000000000e+00 9.587831089999999667e-01 1.000000000000000000e+00 -4.121689100000003325e-02
1.000000000000000000e+00 9.587831089999999667e-01 1.000000000000000000e+00 -4.121689100000003325e-02
1.000000000000000000e+00 9.335700970000000432e-01 1.000000000000000000e+00 -6.642990299999995685e-02
1.000000000000000000e+00 9.335700970000000432e-01 1.000000000000000000e+00 -6.642990299999995685e-02
6.000000000000000000e+00 3.566764950000000045e+00 4.000000000000000000e+00 -4.332350499999999549e-01
6.000000000000000000e+00 3.566764950000000045e+00 4.000000000000000000e+00 -4.332350499999999549e-01
1.000000000000000000e+00 9.413825700000000296e-01 1.000000000000000000e+00 -5.861742999999997039e-02
1.000000000000000000e+00 9.413825700000000296e-01 1.000000000000000000e+00 -5.861742999999997039e-02
1.000000000000000000e+00 9.310059149999999617e-01 1.000000000000000000e+00 -6.899408500000003830e-02
1.000000000000000000e+00 9.310059149999999617e-01 1.000000000000000000e+00 -6.899408500000003830e-02
7.000000000000000000e+00 6.459430659999999769e+00 5.000000000000000000e+00 1.459430659999999769e+00
7.000000000000000000e+00 6.459430659999999769e+00 5.000000000000000000e+00 1.459430659999999769e+00
1.000000000000000000e+00 9.109980819999999868e-01 1.000000000000000000e+00 -8.900191800000001319e-02
1.000000000000000000e+00 9.109980819999999868e-01 1.000000000000000000e+00 -8.900191800000001319e-02
1.000000000000000000e+00 8.919703850000000322e-01 1.000000000000000000e+00 -1.080296149999999678e-01
1.000000000000000000e+00 8.919703850000000322e-01 1.000000000000000000e+00 -1.080296149999999678e-01
1.000000000000000000e+00 4.962234220000000251e-01 1.000000000000000000e+00 -5.037765779999999749e-01
1.000000000000000000e+00 4.962234220000000251e-01 1.000000000000000000e+00 -5.037765779999999749e-01
1.000000000000000000e+00 4.921036280000000152e-01 1.000000000000000000e+00 -5.078963720000000404e-01
1.000000000000000000e+00 4.921036280000000152e-01 1.000000000000000000e+00 -5.078963720000000404e-01
1.000000000000000000e+00 5.105612739999999539e-01 1.000000000000000000e+00 -4.894387260000000461e-01
1.000000000000000000e+00 5.105612739999999539e-01 1.000000000000000000e+00 -4.894387260000000461e-01


###################################################################################################

(BA)2CsPb2I7

5.300000000000000000e+01 7.590126360000000183e+00 7.000000000000000000e+00 5.901263600000001830e-01
5.300000000000000000e+01 7.590126360000000183e+00 7.000000000000000000e+00 5.901263600000001830e-01
8.200000000000000000e+01 1.312653120000000051e+01 1.400000000000000000e+01 -8.734687999999994901e-01
8.200000000000000000e+01 1.312653120000000051e+01 1.400000000000000000e+01 -8.734687999999994901e-01
5.300000000000000000e+01 7.576174749999999847e+00 7.000000000000000000e+00 5.761747499999998468e-01
5.300000000000000000e+01 7.576174749999999847e+00 7.000000000000000000e+00 5.761747499999998468e-01
5.300000000000000000e+01 7.566072639999999794e+00 7.000000000000000000e+00 5.660726399999997938e-01
5.300000000000000000e+01 7.566072639999999794e+00 7.000000000000000000e+00 5.660726399999997938e-01
5.300000000000000000e+01 7.615480260000000001e+00 7.000000000000000000e+00 6.154802600000000012e-01
5.500000000000000000e+01 8.135962199999999811e+00 9.000000000000000000e+00 -8.640378000000001890e-01
6.000000000000000000e+00 4.074997370000000174e+00 4.000000000000000000e+00 7.499737000000017417e-02
6.000000000000000000e+00 4.074997370000000174e+00 4.000000000000000000e+00 7.499737000000017417e-02
6.000000000000000000e+00 3.985665249999999826e+00 4.000000000000000000e+00 -1.433475000000017374e-02
6.000000000000000000e+00 3.985665249999999826e+00 4.000000000000000000e+00 -1.433475000000017374e-02
1.000000000000000000e+00 9.628729379999999560e-01 1.000000000000000000e+00 -3.712706200000004397e-02
1.000000000000000000e+00 9.628737450000000031e-01 1.000000000000000000e+00 -3.712625499999999690e-02
1.000000000000000000e+00 9.873474660000000069e-01 1.000000000000000000e+00 -1.265253399999999306e-02
1.000000000000000000e+00 9.875232849999999729e-01 1.000000000000000000e+00 -1.247671500000002709e-02
1.000000000000000000e+00 9.747810500000000378e-01 1.000000000000000000e+00 -2.521894999999996223e-02
1.000000000000000000e+00 9.747625949999999539e-01 1.000000000000000000e+00 -2.523740500000004605e-02
1.000000000000000000e+00 9.958879779999999515e-01 1.000000000000000000e+00 -4.112022000000048472e-03
1.000000000000000000e+00 9.958879779999999515e-01 1.000000000000000000e+00 -4.112022000000048472e-03
6.000000000000000000e+00 4.030332989999999782e+00 4.000000000000000000e+00 3.033298999999978207e-02
6.000000000000000000e+00 4.030332989999999782e+00 4.000000000000000000e+00 3.033298999999978207e-02
1.000000000000000000e+00 9.756599500000000535e-01 1.000000000000000000e+00 -2.434004999999994645e-02
1.000000000000000000e+00 9.756599500000000535e-01 1.000000000000000000e+00 -2.434004999999994645e-02
1.000000000000000000e+00 9.549387230000000448e-01 1.000000000000000000e+00 -4.506127699999995517e-02
1.000000000000000000e+00 9.549387230000000448e-01 1.000000000000000000e+00 -4.506127699999995517e-02
1.000000000000000000e+00 9.767715919999999663e-01 1.000000000000000000e+00 -2.322840800000003370e-02
1.000000000000000000e+00 9.767715919999999663e-01 1.000000000000000000e+00 -2.322840800000003370e-02
6.000000000000000000e+00 3.540175500000000142e+00 4.000000000000000000e+00 -4.598244999999998583e-01
6.000000000000000000e+00 3.540175500000000142e+00 4.000000000000000000e+00 -4.598244999999998583e-01
1.000000000000000000e+00 9.232640130000000500e-01 1.000000000000000000e+00 -7.673598699999994999e-02
1.000000000000000000e+00 9.232640130000000500e-01 1.000000000000000000e+00 -7.673598699999994999e-02
7.000000000000000000e+00 6.366290959999999721e+00 5.000000000000000000e+00 1.366290959999999721e+00
7.000000000000000000e+00 6.366290959999999721e+00 5.000000000000000000e+00 1.366290959999999721e+00
1.000000000000000000e+00 9.328842349999999506e-01 1.000000000000000000e+00 -6.711576500000004941e-02
1.000000000000000000e+00 9.328842349999999506e-01 1.000000000000000000e+00 -6.711576500000004941e-02
1.000000000000000000e+00 5.665599350000000145e-01 1.000000000000000000e+00 -4.334400649999999855e-01
1.000000000000000000e+00 5.665599350000000145e-01 1.000000000000000000e+00 -4.334400649999999855e-01
1.000000000000000000e+00 4.943408049999999943e-01 1.000000000000000000e+00 -5.056591950000000057e-01
1.000000000000000000e+00 4.943408049999999943e-01 1.000000000000000000e+00 -5.056591950000000057e-01
1.000000000000000000e+00 5.224025369999999446e-01 1.000000000000000000e+00 -4.775974630000000554e-01
1.000000000000000000e+00 5.224025369999999446e-01 1.000000000000000000e+00 -4.775974630000000554e-01

#####################################################################################################
